Time (s),Shift (nm)
0.0,0.0
0.1999999999999886,0.0061499999999998
0.3999999999999772,0.0147119999999998
0.5999999999999659,0.0303339999999998
0.8000000000000114,0.0486689999999998
1.0,0.0627659999999998
1.1999999999999886,0.0755489999999996
1.3999999999999773,0.0882169999999997
1.6000000000000227,0.0984199999999999
1.8000000000000114,0.1077939999999997
2.0,0.1180729999999998
2.1999999999999886,0.1287409999999997
2.3999999999999773,0.1368249999999999
2.6000000000000227,0.1457269999999999
2.800000000000012,0.1562329999999998
3.0,0.1651769999999999
3.1999999999999886,0.1728469999999999
3.3999999999999773,0.182004
3.6000000000000227,0.1920189999999997
3.8000000000000114,0.201832
4.0,0.212275
4.199999999999989,0.2242439999999996
4.399999999999977,0.2347649999999999
4.600000000000023,0.2438219999999997
4.800000000000011,0.2536679999999998
5.0,0.2634269999999996
5.199999999999989,0.2724579999999998
5.399999999999977,0.279868
5.600000000000023,0.288335
5.800000000000011,0.2949949999999997
6.0,0.3028439999999999
6.199999999999989,0.3101879999999997
6.399999999999977,0.3195029999999996
6.600000000000023,0.3284279999999997
6.800000000000011,0.3362059999999998
7.0,0.343299
7.199999999999989,0.350006
7.399999999999977,0.3561669999999997
7.600000000000023,0.3616059999999996
7.800000000000011,0.3685999999999998
8.0,0.3761189999999996
8.199999999999989,0.382733
8.399999999999977,0.389834
8.600000000000023,0.3969739999999997
8.800000000000011,0.4041249999999996
9.0,0.4113829999999998
9.199999999999989,0.418244
9.399999999999975,0.4225959999999999
9.600000000000025,0.4280199999999996
9.800000000000011,0.4337089999999999
10.0,0.4400509999999999
10.199999999999989,0.447959
10.399999999999975,0.4581889999999999
10.600000000000025,0.465913
10.800000000000011,0.4736559999999996
11.0,0.4781529999999998
11.199999999999989,0.4806939999999997
11.399999999999975,0.4826039999999998
11.600000000000025,0.4862229999999998
11.800000000000011,0.4881419999999998
12.0,0.4922299999999997
12.199999999999989,0.4987309999999998
12.399999999999975,0.5051419999999998
12.600000000000025,0.51112
12.800000000000011,0.5193239999999997
13.0,0.52738
13.199999999999989,0.5322879999999999
13.399999999999975,0.5364139999999997
13.600000000000025,0.5422279999999997
13.800000000000011,0.547571
14.0,0.5518259999999997
14.199999999999989,0.5583
14.399999999999975,0.56494
14.600000000000025,0.5688869999999997
14.800000000000011,0.5716169999999998
15.0,0.5764199999999997
15.199999999999989,0.5811979999999997
15.399999999999975,0.585617
15.600000000000025,0.5920449999999997
15.800000000000011,0.5972659999999999
16.0,0.601092
16.19999999999999,0.6046039999999997
16.399999999999977,0.6105639999999997
16.600000000000023,0.6163369999999997
16.80000000000001,0.6222319999999999
17.0,0.6268289999999999
17.19999999999999,0.6312129999999998
17.399999999999977,0.6346689999999997
17.600000000000023,0.637327
17.80000000000001,0.6425019999999999
18.0,0.648752
18.19999999999999,0.6550119999999997
18.399999999999977,0.6597909999999998
18.600000000000023,0.6654989999999996
18.80000000000001,0.6694359999999997
19.0,0.6732279999999999
19.19999999999999,0.6767719999999997
19.399999999999977,0.6813719999999996
19.600000000000023,0.685187
19.80000000000001,0.69
20.0,0.694715
20.19999999999999,0.700059
20.399999999999977,0.7045499999999998
20.600000000000023,0.7096529999999999
20.80000000000001,0.7133659999999997
21.0,0.7181359999999999
21.19999999999999,0.7226209999999997
21.399999999999977,0.727935
21.600000000000023,0.7316019999999996
21.80000000000001,0.734931
22.0,0.738381
22.19999999999999,0.7415159999999998
22.399999999999977,0.7434689999999997
22.600000000000023,0.7450859999999997
22.80000000000001,0.7469679999999999
23.0,0.7475849999999999
23.19999999999999,0.7481239999999998
23.399999999999977,0.7511739999999998
23.600000000000023,0.756281
23.80000000000001,0.7621529999999996
24.0,0.7672399999999997
24.19999999999999,0.7725439999999999
24.399999999999977,0.775738
24.600000000000023,0.7765369999999998
24.80000000000001,0.7800889999999998
25.0,0.786009
25.19999999999999,0.7916789999999998
25.399999999999977,0.7971869999999996
25.600000000000023,0.8034489999999996
25.80000000000001,0.806289
26.0,0.8091709999999996
26.19999999999999,0.8131359999999996
26.399999999999977,0.8193079999999999
26.600000000000023,0.8251469999999999
26.80000000000001,0.8309489999999999
27.0,0.8326099999999999
27.19999999999999,0.8352459999999997
27.399999999999977,0.8363739999999997
27.600000000000023,0.8383449999999999
27.80000000000001,0.8415599999999999
28.0,0.8470389999999997
28.19999999999999,0.8502190000000001
28.399999999999977,0.854393
28.600000000000023,0.8590419999999996
28.80000000000001,0.8621149999999997
29.0,0.8644719999999997
29.19999999999999,0.8671609999999998
29.399999999999977,0.869685
29.600000000000023,0.869961
29.80000000000001,0.8706389999999997
30.0,0.8730409999999997
30.19999999999999,0.87683
30.399999999999977,0.8797470000000001
30.600000000000023,0.8828929999999997
30.80000000000001,0.8871959999999999
31.0,0.8910999999999998
31.19999999999999,0.8941179999999997
31.399999999999977,0.896658
31.600000000000023,0.90102
31.80000000000001,0.905202
32.0,0.9097399999999998
32.19999999999999,0.912359
32.39999999999998,0.9171619999999998
32.60000000000002,0.92096
32.80000000000001,0.9237699999999998
33.0,0.9261809999999996
33.19999999999999,0.930564
33.39999999999998,0.931432
33.60000000000002,0.933137
33.80000000000001,0.9355099999999998
34.0,0.9388289999999996
34.19999999999999,0.9420129999999998
34.39999999999998,0.9464199999999998
34.60000000000002,0.950523
34.80000000000001,0.9550299999999998
35.0,0.95837
35.19999999999999,0.960159
35.39999999999998,0.961321
35.60000000000002,0.962163
35.80000000000001,0.9646149999999998
36.0,0.967429
36.19999999999999,0.9726039999999996
36.39999999999998,0.9787309999999998
36.60000000000002,0.9840849999999994
36.80000000000001,0.986568
37.0,0.9880589999999998
37.19999999999999,0.9891230000000002
37.39999999999998,0.988765
37.60000000000002,0.9894439999999998
37.80000000000001,0.9911909999999996
38.0,0.9948049999999996
38.19999999999999,0.997599
38.39999999999998,1.000953
38.60000000000002,1.00537
38.80000000000001,1.0108489999999994
39.0,1.0146319999999998
39.19999999999999,1.017945
39.39999999999998,1.0203600000000002
39.60000000000002,1.0221049999999998
39.80000000000001,1.0212949999999994
40.0,1.022132
40.19999999999999,1.0236520000000002
40.39999999999998,1.0295170000000002
40.60000000000002,1.0333189999999997
40.80000000000001,1.037896
41.0,1.0397299999999996
41.19999999999999,1.0421829999999996
41.39999999999998,1.0412609999999995
41.60000000000002,1.0421430000000005
41.80000000000001,1.0431819999999998
42.0,1.0466350000000002
42.19999999999999,1.0504499999999997
42.39999999999998,1.0552209999999995
42.60000000000002,1.059781
42.80000000000001,1.0630489999999997
43.0,1.0646199999999997
43.19999999999999,1.066039
43.39999999999998,1.0691160000000002
43.60000000000002,1.0710569999999997
43.80000000000001,1.0736859999999997
44.0,1.0774039999999996
44.19999999999999,1.0806829999999996
44.39999999999998,1.0815719999999995
44.60000000000002,1.0829699999999995
44.80000000000001,1.0844699999999996
45.0,1.0866410000000002
45.19999999999999,1.088577
45.39999999999998,1.0915729999999997
45.60000000000002,1.0946030000000002
45.80000000000001,1.0966079999999998
46.0,1.098078
46.19999999999999,1.099781
46.39999999999998,1.1024509999999994
46.60000000000002,1.103459
46.80000000000001,1.10644
47.0,1.110456
47.19999999999999,1.1137040000000002
47.39999999999998,1.1129220000000002
47.60000000000002,1.114432
47.80000000000001,1.117063
48.0,1.1190549999999997
48.19999999999999,1.1193979999999994
48.39999999999998,1.1201299999999996
48.60000000000002,1.1203760000000005
48.80000000000001,1.120254
49.0,1.119719
49.19999999999999,1.121663
49.39999999999998,1.1248449999999997
49.60000000000002,1.1273919999999995
49.80000000000001,1.12833
50.0,1.1299529999999995
50.19999999999999,1.1329139999999995
50.39999999999998,1.13713
50.60000000000002,1.1424409999999998
50.80000000000001,1.1496569999999997
51.0,1.1557449999999996
51.19999999999999,1.158506
51.39999999999998,1.1599259999999996
51.60000000000002,1.161925
51.80000000000001,1.1631999999999998
52.0,1.1642269999999997
52.19999999999999,1.1651439999999995
52.39999999999998,1.1685039999999995
52.60000000000002,1.1708869999999996
52.80000000000001,1.1720949999999997
53.0,1.1726390000000002
53.19999999999999,1.173712
53.39999999999998,1.173407
53.60000000000002,1.1730909999999994
53.80000000000001,1.1750989999999994
54.0,1.1784219999999994
54.19999999999999,1.1837089999999997
54.39999999999998,1.1876600000000002
54.60000000000002,1.1903800000000002
54.80000000000001,1.1905260000000002
55.0,1.1907559999999997
55.19999999999999,1.1913659999999997
55.39999999999998,1.192349
55.60000000000002,1.1934399999999998
55.80000000000001,1.1958989999999998
56.0,1.199115
56.19999999999999,1.2013629999999995
56.39999999999998,1.2028309999999998
56.60000000000002,1.2060629999999994
56.80000000000001,1.2083839999999997
57.0,1.210248
57.19999999999999,1.2137000000000002
57.39999999999998,1.217263
57.60000000000002,1.2214849999999997
57.80000000000001,1.2233010000000002
58.0,1.224532
58.19999999999999,1.224297
58.39999999999998,1.2266120000000005
58.60000000000002,1.2268229999999996
58.80000000000001,1.2302179999999998
59.0,1.2333470000000002
59.19999999999999,1.235684
59.39999999999998,1.2361579999999996
59.60000000000002,1.2359330000000002
59.80000000000001,1.2341480000000002
60.0,1.233599
60.19999999999999,1.2349379999999996
60.39999999999998,1.2372870000000002
60.60000000000002,1.2404000000000002
60.80000000000001,1.2434440000000002
61.0,1.2465599999999997
61.200000000000045,1.247065
61.39999999999998,1.247669
61.60000000000002,1.248018
61.79999999999996,1.251124
62.0,1.2528129999999995
62.200000000000045,1.256412
62.39999999999998,1.258738
62.60000000000002,1.261151
62.79999999999996,1.262377
63.0,1.263705
63.200000000000045,1.264919
63.39999999999998,1.267309
63.60000000000002,1.2697539999999998
63.79999999999996,1.2699419999999997
64.0,1.2713599999999996
64.20000000000005,1.2717539999999996
64.39999999999998,1.2710629999999998
64.60000000000002,1.2703540000000002
64.79999999999995,1.2724149999999996
65.0,1.2746269999999995
65.20000000000005,1.277508
65.39999999999998,1.2832
65.60000000000002,1.290609
65.79999999999995,1.2948309999999994
66.0,1.296627
66.20000000000005,1.2973799999999995
66.39999999999998,1.2963240000000005
66.60000000000002,1.2950359999999996
66.79999999999995,1.2954439999999998
67.0,1.296437
67.20000000000005,1.297759
67.39999999999998,1.2998889999999994
67.60000000000002,1.30166
67.79999999999995,1.3032439999999994
68.0,1.3046860000000002
68.20000000000005,1.3045099999999996
68.39999999999998,1.304475
68.60000000000002,1.304704
68.79999999999995,1.3059389999999995
69.0,1.3070620000000002
69.20000000000005,1.3110979999999994
69.39999999999998,1.3122119999999995
69.60000000000002,1.313511
69.79999999999995,1.3146399999999998
70.0,1.3198179999999995
70.20000000000005,1.321827
70.39999999999998,1.3228650000000002
70.60000000000002,1.3218709999999998
70.79999999999995,1.3219250000000002
71.0,1.3205679999999995
71.20000000000005,1.321707
71.39999999999998,1.3239679999999998
71.60000000000002,1.3258580000000002
71.79999999999995,1.327122
72.0,1.3269640000000005
72.20000000000005,1.327425
72.39999999999998,1.3287509999999996
72.60000000000002,1.3312080000000002
72.79999999999995,1.3331029999999997
73.0,1.3354109999999997
73.20000000000005,1.3364389999999997
73.39999999999998,1.3372450000000002
73.60000000000002,1.3382699999999996
73.79999999999995,1.340084
74.0,1.3421129999999994
74.20000000000005,1.342657
74.39999999999998,1.344061
74.60000000000002,1.344952
74.79999999999995,1.3459829999999997
75.0,1.3472809999999995
75.20000000000005,1.3509789999999997
75.39999999999998,1.3533530000000005
75.60000000000002,1.3548909999999994
75.79999999999995,1.356459
76.0,1.356
76.20000000000005,1.35508
76.39999999999998,1.3559229999999998
76.60000000000002,1.358702
76.79999999999995,1.3590609999999996
77.0,1.357781
77.20000000000005,1.3567719999999994
77.39999999999998,1.357316
77.60000000000002,1.3597969999999997
77.79999999999995,1.3637759999999997
78.0,1.369541
78.20000000000005,1.372693
78.39999999999998,1.3752269999999998
78.60000000000002,1.3754929999999996
78.79999999999995,1.3764380000000005
79.0,1.378183
79.20000000000005,1.3819219999999994
79.39999999999998,1.3854689999999996
79.60000000000002,1.3883359999999998
79.79999999999995,1.3897639999999996
80.0,1.3916819999999994
80.20000000000005,1.392043
80.39999999999998,1.390911
80.60000000000002,1.3911689999999997
80.79999999999995,1.3920630000000005
81.0,1.39208
81.20000000000005,1.3931969999999998
81.39999999999998,1.394927
81.60000000000002,1.396496
81.79999999999995,1.3983999999999996
82.0,1.3984499999999995
82.20000000000005,1.398567
82.39999999999998,1.3975
82.60000000000002,1.3968879999999997
82.79999999999995,1.3971270000000002
83.0,1.3998419999999996
83.20000000000005,1.403048
83.39999999999998,1.40477
83.60000000000002,1.4066979999999996
83.79999999999995,1.4067059999999998
84.0,1.4058029999999997
84.20000000000005,1.4050969999999996
84.39999999999998,1.4061779999999997
84.60000000000002,1.405717
84.79999999999995,1.4062729999999997
85.0,1.4083610000000002
85.20000000000005,1.4113229999999994
85.39999999999998,1.4143739999999996
85.60000000000002,1.4171399999999998
85.79999999999995,1.419123
86.0,1.42087
86.20000000000005,1.422592
86.39999999999998,1.4249089999999995
86.60000000000002,1.4282059999999994
86.79999999999995,1.4312119999999997
87.0,1.432937
87.20000000000005,1.433923
87.39999999999998,1.4340709999999994
87.60000000000002,1.432373
87.79999999999995,1.4307239999999997
88.0,1.430014
88.20000000000005,1.429234
88.39999999999998,1.4287960000000002
88.60000000000002,1.429976
88.79999999999995,1.4326850000000002
89.0,1.4346749999999997
89.20000000000005,1.4353559999999996
89.39999999999998,1.4354569999999995
89.60000000000002,1.435777
89.79999999999995,1.436673
90.0,1.438447
90.20000000000005,1.4412639999999994
90.39999999999998,1.444052
90.60000000000002,1.4455359999999997
90.79999999999995,1.4451359999999998
91.0,1.4448999999999996
91.20000000000005,1.447026
91.39999999999998,1.450889
91.60000000000002,1.4536980000000002
91.79999999999995,1.456087
92.0,1.4570559999999997
92.20000000000005,1.4570099999999997
92.39999999999998,1.456728
92.60000000000002,1.4597309999999997
92.79999999999995,1.4637919999999998
93.0,1.46692
93.20000000000005,1.466724
93.39999999999998,1.464493
93.60000000000002,1.4602129999999995
93.79999999999995,1.4579180000000005
94.0,1.456442
94.20000000000005,1.456886
94.39999999999998,1.458959
94.60000000000002,1.462561
94.79999999999995,1.463432
95.0,1.4638339999999994
95.20000000000005,1.462867
95.39999999999998,1.462778
95.60000000000002,1.4629880000000002
95.79999999999995,1.4639619999999995
96.0,1.467949
96.20000000000005,1.4738600000000002
96.39999999999998,1.4784489999999997
96.60000000000002,1.480017
96.79999999999995,1.480449
97.0,1.479031
97.20000000000005,1.4776600000000002
97.39999999999998,1.4777050000000005
97.60000000000002,1.4777069999999997
97.79999999999995,1.4795410000000002
98.0,1.483046
98.20000000000005,1.4860860000000002
98.39999999999998,1.4863549999999996
98.60000000000002,1.4881320000000002
98.79999999999995,1.4891009999999998
99.0,1.4880319999999996
99.20000000000005,1.486376
99.39999999999998,1.486586
99.60000000000002,1.488257
99.79999999999995,1.490328
100.0,1.4933879999999995
100.20000000000005,1.4969019999999995
100.39999999999998,1.498603
100.60000000000002,1.4987120000000005
100.79999999999995,1.4977529999999994
101.0,1.496797
101.20000000000005,1.4957120000000002
101.39999999999998,1.4980339999999996
101.60000000000002,1.5001749999999996
101.79999999999995,1.5037060000000002
102.0,1.5053140000000005
102.20000000000005,1.5069489999999996
102.39999999999998,1.5059699999999996
102.60000000000002,1.5049710000000005
102.79999999999995,1.5043309999999996
103.0,1.5061049999999998
103.20000000000005,1.5064130000000002
103.39999999999998,1.5064399999999996
103.60000000000002,1.5068130000000002
103.79999999999995,1.508401
104.0,1.5101259999999996
104.20000000000005,1.5114999999999998
104.39999999999998,1.511704
104.60000000000002,1.513362
104.79999999999995,1.5138699999999998
105.0,1.5131119999999996
105.20000000000005,1.5120329999999995
105.39999999999998,1.5137469999999995
105.60000000000002,1.5140789999999995
105.79999999999995,1.513808
106.0,1.5134379999999998
106.20000000000005,1.514608
106.39999999999998,1.5158759999999996
106.60000000000002,1.519006
106.79999999999995,1.5217479999999997
107.0,1.525613
107.20000000000005,1.529427
107.39999999999998,1.5331919999999997
107.60000000000002,1.534688
107.79999999999995,1.534929
108.0,1.533651
108.20000000000005,1.5325540000000002
108.39999999999998,1.5302989999999994
108.60000000000002,1.5295259999999995
108.79999999999995,1.531479
109.0,1.5332090000000005
109.20000000000005,1.535063
109.39999999999998,1.5373640000000002
109.60000000000002,1.538538
109.79999999999995,1.5384959999999994
110.0,1.5382379999999998
110.20000000000005,1.539224
110.39999999999998,1.5407510000000002
110.60000000000002,1.544104
110.79999999999995,1.5470749999999995
111.0,1.5491859999999995
111.20000000000005,1.548997
111.39999999999998,1.5474619999999994
111.60000000000002,1.5464510000000002
111.79999999999995,1.5461049999999998
112.0,1.5472159999999997
112.20000000000005,1.5487789999999997
112.39999999999998,1.5505110000000002
112.60000000000002,1.5516139999999998
112.79999999999995,1.5522330000000002
113.0,1.5539619999999994
113.20000000000005,1.5565189999999998
113.39999999999998,1.5591789999999994
113.60000000000002,1.561281
113.79999999999995,1.5623170000000002
114.0,1.5633099999999995
114.20000000000005,1.56358
114.39999999999998,1.562633
114.60000000000002,1.5618749999999997
114.79999999999995,1.5610669999999995
115.0,1.558395
115.20000000000005,1.5583049999999998
115.39999999999998,1.560448
115.60000000000002,1.563384
115.79999999999995,1.5646249999999997
116.0,1.5659140000000005
116.20000000000005,1.565443
116.39999999999998,1.565657
116.60000000000002,1.563109
116.79999999999995,1.5634629999999996
117.0,1.5632640000000002
117.20000000000005,1.56487
117.39999999999998,1.5653199999999998
117.60000000000002,1.5678599999999996
117.79999999999995,1.5688560000000005
118.0,1.5716919999999996
118.20000000000005,1.5728299999999995
118.39999999999998,1.5751999999999995
118.60000000000002,1.575749
118.79999999999995,1.5766559999999998
119.0,1.5782869999999996
119.20000000000005,1.5790489999999997
119.39999999999998,1.5776329999999996
119.60000000000002,1.575627
119.79999999999995,1.575946
120.0,1.5751169999999997
120.20000000000005,1.5756870000000005
120.39999999999998,1.576771
120.60000000000002,1.580056
120.79999999999995,1.5832109999999997
121.0,1.5862799999999997
121.20000000000005,1.5889800000000005
121.39999999999998,1.5891339999999996
121.60000000000002,1.588566
121.79999999999995,1.5847790000000002
122.0,1.5827840000000002
122.20000000000005,1.580674
122.39999999999998,1.58275
122.60000000000002,1.5855949999999996
122.79999999999995,1.5906839999999995
123.0,1.5949529999999994
123.20000000000005,1.598413
123.39999999999998,1.5995929999999996
123.60000000000002,1.5999929999999996
123.79999999999995,1.5983219999999996
124.0,1.5959189999999994
124.20000000000005,1.596178
124.39999999999998,1.5966139999999998
124.60000000000002,1.595916
124.79999999999995,1.595835
125.0,1.5971149999999996
125.20000000000005,1.5994929999999998
125.39999999999998,1.6025719999999994
125.60000000000002,1.6052489999999997
125.79999999999995,1.6076899999999998
126.0,1.608065
126.20000000000005,1.6050620000000002
126.39999999999998,1.602481
126.60000000000002,1.6032459999999995
126.79999999999995,1.604984
127.0,1.6072319999999998
127.20000000000005,1.6089130000000005
127.39999999999998,1.611136
127.60000000000002,1.611352
127.79999999999995,1.610869
128.0,1.6107940000000005
128.20000000000005,1.6116909999999995
128.39999999999998,1.612101
128.60000000000002,1.6128999999999998
128.79999999999995,1.6152540000000002
129.0,1.6172759999999995
129.20000000000005,1.6176269999999997
129.39999999999998,1.616498
129.60000000000002,1.616594
129.79999999999995,1.6163530000000002
130.0,1.617501
130.20000000000005,1.6213249999999997
130.39999999999998,1.6252269999999998
130.60000000000002,1.6280640000000002
130.79999999999995,1.629944
131.0,1.631494
131.20000000000005,1.629994
131.39999999999998,1.6290870000000002
131.60000000000002,1.6268669999999998
131.79999999999995,1.6262489999999996
132.0,1.624588
132.20000000000005,1.6235599999999994
132.39999999999998,1.621925
132.60000000000002,1.6220749999999995
132.79999999999995,1.6222820000000002
133.0,1.6224229999999995
133.20000000000005,1.6247109999999996
133.39999999999998,1.6273149999999994
133.60000000000002,1.6295779999999995
133.79999999999995,1.6316629999999996
134.0,1.6325639999999997
134.20000000000005,1.6341859999999997
134.39999999999998,1.6370389999999997
134.60000000000002,1.638413
134.79999999999995,1.6369600000000002
135.0,1.6355839999999997
135.20000000000005,1.632599
135.39999999999998,1.6304660000000002
135.60000000000002,1.6289249999999995
135.79999999999995,1.6302459999999996
136.0,1.63368
136.20000000000005,1.63701
136.39999999999998,1.6407369999999997
136.60000000000002,1.6442889999999997
136.79999999999995,1.6475809999999995
137.0,1.6512979999999997
137.20000000000005,1.654267
137.39999999999998,1.6545230000000002
137.60000000000002,1.6531820000000002
137.79999999999995,1.652076
138.0,1.6473839999999995
138.20000000000005,1.6448520000000002
138.39999999999998,1.6436929999999998
138.60000000000002,1.644589
138.79999999999995,1.6434489999999995
139.0,1.645042
139.20000000000005,1.6452239999999998
139.39999999999998,1.644438
139.60000000000002,1.6428919999999998
139.79999999999995,1.6438059999999997
140.0,1.6448929999999995
140.20000000000005,1.6459070000000002
140.39999999999998,1.647582
140.60000000000002,1.6510879999999997
140.79999999999995,1.655253
141.0,1.658048
141.20000000000005,1.6620489999999997
141.39999999999998,1.6643919999999994
141.60000000000002,1.6646539999999996
141.79999999999995,1.6628619999999996
142.0,1.6606429999999994
142.20000000000005,1.6583639999999995
142.39999999999998,1.6577700000000002
142.60000000000002,1.657895
142.79999999999995,1.6575829999999998
143.0,1.658837
143.20000000000005,1.660565
143.39999999999998,1.661232
143.60000000000002,1.6618949999999997
143.79999999999995,1.6658349999999995
144.0,1.668736
144.20000000000005,1.6689479999999994
144.39999999999998,1.6698449999999996
144.60000000000002,1.6719590000000002
144.79999999999995,1.669969
145.0,1.6681869999999996
145.20000000000005,1.6679659999999998
145.39999999999998,1.6692039999999997
145.60000000000002,1.669652
145.79999999999995,1.6702279999999998
146.0,1.6712749999999996
146.20000000000005,1.671786
146.39999999999998,1.670368
146.60000000000002,1.668368
146.79999999999995,1.6684450000000002
147.0,1.668208
147.20000000000005,1.667675
147.39999999999998,1.667701
147.60000000000002,1.6683509999999997
147.79999999999995,1.6677539999999995
148.0,1.6664089999999998
148.20000000000005,1.6673999999999998
148.39999999999998,1.669536
148.60000000000002,1.6723989999999995
148.79999999999995,1.6755709999999997
149.0,1.6809250000000002
149.20000000000005,1.6840199999999994
149.39999999999998,1.685663
149.60000000000002,1.687518
149.79999999999995,1.690303
150.0,1.691034
150.20000000000005,1.691401
150.39999999999998,1.6914929999999997
150.60000000000002,1.6901890000000002
150.79999999999995,1.6883739999999996
151.0,1.6869139999999998
151.20000000000005,1.686896
151.39999999999998,1.6870279999999998
151.60000000000002,1.687442
151.79999999999995,1.6872439999999995
152.0,1.688395
152.20000000000005,1.6900940000000002
152.39999999999998,1.6932900000000002
152.60000000000002,1.6972749999999994
152.79999999999995,1.7007599999999998
153.0,1.700914
153.20000000000005,1.6975480000000005
153.39999999999998,1.6932049999999998
153.60000000000002,1.689253
153.79999999999995,1.6876449999999998
154.0,1.6890349999999996
154.20000000000005,1.692081
154.39999999999998,1.694274
154.60000000000002,1.693847
154.79999999999995,1.691554
155.0,1.6903160000000002
155.20000000000005,1.69203
155.39999999999998,1.6947539999999996
155.60000000000002,1.698855
155.79999999999995,1.7025179999999995
156.0,1.7044930000000005
156.20000000000005,1.7046349999999997
156.39999999999998,1.704428
156.60000000000002,1.7025749999999995
156.79999999999995,1.7011630000000002
157.0,1.7001419999999996
157.20000000000005,1.6990879999999997
157.39999999999998,1.697704
157.60000000000002,1.6987290000000002
157.79999999999995,1.7021749999999995
158.0,1.7053329999999995
158.20000000000005,1.7069849999999995
158.39999999999998,1.7082439999999997
158.60000000000002,1.709295
158.79999999999995,1.709314
159.0,1.707274
159.20000000000005,1.7071230000000002
159.39999999999998,1.7074509999999998
159.60000000000002,1.7075309999999997
159.79999999999995,1.706881
160.0,1.7081679999999997
160.20000000000005,1.7081849999999994
160.39999999999998,1.708501
160.60000000000002,1.708532
160.79999999999995,1.707452
161.0,1.706836
161.20000000000005,1.7083909999999998
161.39999999999998,1.7118289999999998
161.60000000000002,1.7156700000000005
161.79999999999995,1.7200959999999998
162.0,1.7244510000000002
162.20000000000005,1.7272759999999998
162.39999999999998,1.7272179999999997
162.60000000000002,1.7265309999999996
162.79999999999995,1.72722
163.0,1.7263139999999997
163.20000000000005,1.7244779999999995
163.39999999999998,1.7232449999999997
163.60000000000002,1.723274
163.79999999999995,1.7206469999999996
164.0,1.7223290000000002
164.20000000000005,1.7242230000000005
164.39999999999998,1.7266769999999996
164.60000000000002,1.727767
164.79999999999995,1.731497
165.0,1.731814
165.20000000000005,1.7323839999999997
165.39999999999998,1.7331599999999998
165.60000000000002,1.733091
165.79999999999995,1.7310439999999998
166.0,1.7291239999999997
166.20000000000005,1.7298789999999995
166.39999999999998,1.7296249999999995
166.60000000000002,1.7299229999999994
166.79999999999995,1.7319949999999995
167.0,1.7346759999999994
167.20000000000005,1.7364100000000002
167.39999999999998,1.7392129999999997
167.60000000000002,1.7426180000000002
167.79999999999995,1.7446329999999994
168.0,1.7471740000000002
168.20000000000005,1.7475769999999995
168.39999999999998,1.746848
168.60000000000002,1.7463819999999997
168.79999999999995,1.7450869999999998
169.0,1.7414759999999996
169.20000000000005,1.739058
169.39999999999998,1.7383730000000002
169.60000000000002,1.738733
169.79999999999995,1.7401210000000005
170.0,1.742095
170.20000000000005,1.74404
170.39999999999998,1.745107
170.60000000000002,1.7448259999999998
170.79999999999995,1.7453709999999996
171.0,1.7460269999999998
171.20000000000005,1.7465459999999997
171.39999999999998,1.745133
171.60000000000002,1.7434339999999997
171.79999999999995,1.7424400000000002
172.0,1.742673
172.20000000000005,1.742832
172.39999999999998,1.7447349999999997
172.60000000000002,1.745406
172.79999999999995,1.7453189999999994
173.0,1.745546
173.20000000000005,1.745203
173.39999999999998,1.745685
173.60000000000002,1.74721
173.79999999999995,1.7502240000000002
174.0,1.7536689999999997
174.20000000000005,1.7569999999999997
174.39999999999998,1.758496
174.60000000000002,1.7599460000000002
174.79999999999995,1.7602380000000002
175.0,1.7594630000000002
175.20000000000005,1.7593449999999995
175.39999999999998,1.7601899999999997
175.60000000000002,1.762219
175.79999999999995,1.7634989999999997
176.0,1.765319
176.20000000000005,1.765975
176.39999999999998,1.7656019999999994
176.60000000000002,1.763248
176.79999999999995,1.76105
177.0,1.7596299999999996
177.20000000000005,1.7594979999999998
177.39999999999998,1.7603359999999997
177.60000000000002,1.7622469999999997
177.79999999999995,1.7656999999999998
178.0,1.7678760000000002
178.20000000000005,1.768034
178.39999999999998,1.76903
178.60000000000002,1.770181
178.79999999999995,1.770639
179.0,1.769762
179.20000000000005,1.7703379999999995
179.39999999999998,1.769807
179.60000000000002,1.7687799999999996
179.79999999999995,1.7663669999999998
180.0,1.7665480000000002
180.20000000000005,1.766325
180.4,1.7677360000000002
180.6,1.7687150000000005
180.79999999999995,1.7697709999999995
181.0,1.768541
181.20000000000005,1.768294
181.4,1.7688939999999995
181.6,1.7719249999999995
181.79999999999995,1.773148
182.0,1.7759909999999994
182.20000000000005,1.7784069999999996
182.4,1.7785719999999996
182.6,1.7783299999999995
182.79999999999995,1.7807069999999996
183.0,1.7819149999999997
183.20000000000005,1.783467
183.4,1.7835260000000002
183.6,1.782444
183.79999999999995,1.78071
184.0,1.7808960000000005
184.20000000000005,1.7821939999999996
184.4,1.783119
184.6,1.7831459999999997
184.79999999999995,1.7832869999999996
185.0,1.7830579999999996
185.20000000000005,1.7816589999999994
185.4,1.7828359999999996
185.6,1.7848319999999998
185.79999999999995,1.7852740000000002
186.0,1.786048
186.20000000000005,1.7866270000000002
186.4,1.7853129999999997
186.6,1.783416
186.79999999999995,1.78369
187.0,1.7833689999999995
187.20000000000005,1.783397
187.4,1.7843780000000002
187.6,1.7870049999999995
187.79999999999995,1.78871
188.0,1.7899979999999998
188.20000000000005,1.7914789999999998
188.4,1.7936439999999996
188.6,1.7946669999999996
188.79999999999995,1.7943619999999996
189.0,1.7959509999999996
189.20000000000005,1.7966809999999995
189.4,1.796125
189.6,1.794371
189.79999999999995,1.7951769999999998
190.0,1.7931869999999996
190.20000000000005,1.7915299999999998
190.4,1.7918709999999995
190.6,1.7944499999999994
190.79999999999995,1.795064
191.0,1.7949989999999998
191.20000000000005,1.79556
191.4,1.795401
191.6,1.7947309999999996
191.79999999999995,1.7958799999999997
192.0,1.7988720000000002
192.20000000000005,1.802738
192.4,1.805554
192.6,1.807106
192.79999999999995,1.806824
193.0,1.805764
193.20000000000005,1.803743
193.4,1.802874
193.6,1.803095
193.79999999999995,1.80352
194.0,1.804466
194.20000000000005,1.805694
194.4,1.805092
194.6,1.805181
194.79999999999995,1.807332
195.0,1.8091029999999997
195.20000000000005,1.809429
195.4,1.811646
195.6,1.812461
195.79999999999995,1.812012
196.0,1.8111999999999997
196.20000000000005,1.810344
196.4,1.809475
196.6,1.809362
196.79999999999995,1.8093829999999995
197.0,1.809498
197.20000000000005,1.811159
197.4,1.8134429999999997
197.6,1.815447
197.79999999999995,1.81719
198.0,1.8184819999999997
198.20000000000005,1.818703
198.4,1.817291
198.6,1.8157309999999995
198.79999999999995,1.814337
199.0,1.814153
199.20000000000005,1.812981
199.4,1.813833
199.6,1.81511
199.79999999999995,1.817108
200.0,1.818057
200.20000000000005,1.820781
200.4,1.8209469999999996
200.6,1.822544
200.79999999999995,1.823376
201.0,1.826002
201.20000000000005,1.825664
201.4,1.8256489999999996
201.6,1.823836
201.79999999999995,1.8219069999999995
202.0,1.8184439999999995
202.20000000000005,1.8171539999999995
202.4,1.817547
202.6,1.8188819999999997
202.79999999999995,1.820202
203.0,1.82127
203.20000000000005,1.822864
203.4,1.824211
203.6,1.823784
203.79999999999995,1.822836
204.0,1.823354
204.20000000000005,1.823897
204.4,1.824419
204.6,1.8259419999999995
204.79999999999995,1.830401
205.0,1.834683
205.20000000000005,1.836956
205.4,1.838451
205.6,1.840153
205.79999999999995,1.8404359999999995
206.0,1.838359
206.20000000000005,1.838049
206.4,1.836968
206.6,1.836767
206.79999999999995,1.835439
207.0,1.836062
207.20000000000005,1.8355239999999995
207.4,1.83571
207.6,1.834973
207.79999999999995,1.834828
208.0,1.8336170000000005
208.20000000000005,1.833965
208.4,1.8349139999999995
208.6,1.8360950000000005
208.79999999999995,1.8370619999999995
209.0,1.837009
209.20000000000005,1.8376719999999995
209.4,1.839625
209.6,1.841537
209.79999999999995,1.842769
210.0,1.845685
210.20000000000005,1.845899
210.4,1.84537
210.6,1.8444329999999995
210.79999999999995,1.844889
211.0,1.8440060000000005
211.20000000000005,1.8432059999999997
211.4,1.842242
211.6,1.8434599999999997
211.79999999999995,1.8444199999999995
212.0,1.845033
212.20000000000005,1.84612
212.4,1.84706
212.6,1.848679
212.79999999999995,1.84917
213.0,1.850726
213.20000000000005,1.8534559999999995
213.4,1.857219
213.6,1.857569
213.79999999999995,1.857702
214.0,1.858495
214.20000000000005,1.858713
214.4,1.8565369999999997
214.6,1.855183
214.79999999999995,1.854405
215.0,1.8531370000000005
215.20000000000005,1.8526039999999997
215.4,1.853974
215.6,1.856084
215.79999999999995,1.857016
216.0,1.8582279999999995
216.20000000000005,1.859457
216.4,1.859609
216.6,1.85826
216.79999999999995,1.859737
217.0,1.859849
217.20000000000005,1.8594409999999997
217.4,1.857953
217.6,1.859325
217.79999999999995,1.858239
218.0,1.85807
218.20000000000005,1.857772
218.4,1.860027
218.6,1.859395
218.79999999999995,1.860346
219.0,1.860224
219.20000000000005,1.861496
219.4,1.862041
219.6,1.8650329999999995
219.79999999999995,1.86759
220.0,1.869712
220.20000000000005,1.8694
220.4,1.868437
220.6,1.867093
220.79999999999995,1.86691
221.0,1.869554
221.20000000000005,1.872293
221.4,1.873047
221.6,1.872825
221.79999999999995,1.871541
222.0,1.870461
222.20000000000005,1.870525
222.4,1.8720600000000005
222.6,1.873448
222.79999999999995,1.8748309999999997
223.0,1.8742969999999997
223.20000000000005,1.8747989999999997
223.4,1.87465
223.6,1.877902
223.79999999999995,1.880358
224.0,1.882453
224.20000000000005,1.881086
224.4,1.882228
224.6,1.878924
224.79999999999995,1.875858
225.0,1.872866
225.20000000000005,1.8732999999999995
225.4,1.873934
225.6,1.876239
225.79999999999995,1.878527
226.0,1.8815979999999997
226.20000000000005,1.8831739999999997
226.4,1.881736
226.6,1.879623
226.79999999999995,1.878188
227.0,1.8770799999999996
227.20000000000005,1.877724
227.4,1.8801680000000005
227.6,1.882527
227.79999999999995,1.884533
228.0,1.8867509999999996
228.20000000000005,1.888695
228.4,1.889232
228.6,1.889588
228.79999999999995,1.8881679999999996
229.0,1.887446
229.20000000000005,1.8862749999999997
229.4,1.886943
229.6,1.886896
229.79999999999995,1.8876159999999995
230.0,1.886366
230.20000000000005,1.885304
230.4,1.885682
230.6,1.887071
230.79999999999995,1.888197
231.0,1.889022
231.20000000000005,1.889129
231.4,1.8872659999999997
231.6,1.886121
231.79999999999995,1.885771
232.0,1.887891
232.20000000000005,1.8905129999999997
232.4,1.8911929999999997
232.6,1.890162
232.79999999999995,1.8908629999999995
233.0,1.891647
233.20000000000005,1.8916759999999997
233.4,1.892996
233.6,1.895206
233.79999999999995,1.894602
234.0,1.8930359999999995
234.20000000000005,1.892507
234.4,1.893172
234.6,1.893807
234.79999999999995,1.8952279999999997
235.0,1.898104
235.20000000000005,1.9002790000000005
235.4,1.90154
235.6,1.903371
235.79999999999995,1.905539
236.0,1.906171
236.20000000000005,1.905497
236.4,1.904968
236.6,1.90257
236.79999999999995,1.90085
237.0,1.899675
237.20000000000005,1.901611
237.4,1.903521
237.6,1.905645
237.79999999999995,1.906965
238.0,1.906433
238.20000000000005,1.905154
238.4,1.902826
238.6,1.903694
238.79999999999995,1.904971
239.0,1.907715
239.20000000000005,1.908608
239.4,1.909992
239.6,1.9084509999999997
239.79999999999995,1.906724
240.0,1.904693
240.20000000000005,1.9057249999999997
240.4,1.9081
240.6,1.9095699999999995
240.79999999999995,1.911658
241.0,1.91113
241.20000000000005,1.909044
241.4,1.906879
241.6,1.906465
241.79999999999995,1.9072369999999996
242.0,1.912338
242.20000000000005,1.915831
242.4,1.91821
242.6,1.919321
242.79999999999995,1.919594
243.0,1.91812
243.20000000000005,1.917205
243.4,1.916537
243.6,1.917408
243.79999999999995,1.917174
244.0,1.917727
244.20000000000005,1.918112
244.4,1.917021
244.6,1.915627
244.79999999999995,1.917488
245.0,1.9188840000000005
245.20000000000005,1.919198
245.4,1.920375
245.6,1.9230599999999995
245.79999999999995,1.922601
246.0,1.921237
246.20000000000005,1.920807
246.4,1.922624
246.6,1.923443
246.79999999999995,1.92411
247.0,1.924442
247.20000000000005,1.924939
247.4,1.9239109999999997
247.6,1.922827
247.79999999999995,1.922662
248.0,1.923416
248.20000000000005,1.925954
248.4,1.930387
248.6,1.933046
248.79999999999995,1.934927
249.0,1.936789
249.20000000000005,1.9366769999999995
249.4,1.932823
249.6,1.929563
249.79999999999995,1.927677
250.0,1.92607
250.20000000000005,1.925172
250.4,1.924765
250.6,1.924683
250.79999999999995,1.922607
251.0,1.920188
251.20000000000005,1.918549
251.4,1.919083
251.6,1.921463
251.79999999999995,1.924847
252.0,1.926931
252.20000000000005,1.927894
252.4,1.930306
252.6,1.93134
252.79999999999995,1.934026
253.0,1.937517
253.20000000000005,1.94041
253.4,1.940713
253.6,1.940471
253.79999999999995,1.940182
254.0,1.940137
254.20000000000005,1.941375
254.4,1.941631
254.6,1.9412700000000005
254.79999999999995,1.938477
255.0,1.9358759999999997
255.20000000000005,1.933488
255.4,1.932662
255.6,1.932772
255.79999999999995,1.934915
256.0,1.937512
256.20000000000005,1.938461
256.4,1.939214
256.6,1.940713
256.79999999999995,1.942523
257.0,1.94272
257.20000000000005,1.942658
257.4,1.943318
257.6,1.944779
257.79999999999995,1.9447
258.0,1.94548
258.20000000000005,1.946992
258.4,1.9491629999999995
258.6,1.949319
258.79999999999995,1.948138
259.0,1.9455089999999997
259.20000000000005,1.943875
259.4,1.9415819999999997
259.6,1.940887
259.79999999999995,1.942887
260.0,1.947759
260.20000000000005,1.952534
260.4,1.955653
260.6,1.956252
260.79999999999995,1.9557449999999996
261.0,1.955356
261.20000000000005,1.955382
261.4,1.955366
261.6,1.956923
261.79999999999995,1.9572519999999995
262.0,1.957323
262.20000000000005,1.956027
262.4,1.955741
262.6,1.95506
262.79999999999995,1.956956
263.0,1.958613
263.20000000000005,1.9603209999999995
263.4,1.9626139999999996
263.6,1.965167
263.79999999999995,1.965764
264.0,1.964666
264.20000000000005,1.96373
264.4,1.962281
264.6,1.959217
264.79999999999995,1.958628
265.0,1.959775
265.20000000000005,1.962318
265.4,1.9638599999999995
265.6,1.965593
265.79999999999995,1.965465
266.0,1.963629
266.20000000000005,1.961015
266.4,1.960277
266.6,1.962631
266.79999999999995,1.963967
267.0,1.965895
267.20000000000005,1.967696
267.4,1.969031
267.6,1.968415
267.79999999999995,1.9712179999999997
268.0,1.973857
268.20000000000005,1.9764279999999996
268.4,1.976516
268.6,1.976696
268.79999999999995,1.972797
269.0,1.9694319999999996
269.20000000000005,1.966729
269.4,1.9649649999999996
269.6,1.964436
269.79999999999995,1.9633319999999996
270.0,1.963946
270.20000000000005,1.962982
270.4,1.96248
270.6,1.961565
270.79999999999995,1.963487
271.0,1.965288
271.20000000000005,1.967426
271.4,1.9693429999999996
271.6,1.971055
271.79999999999995,1.972893
272.0,1.9730029999999996
272.20000000000005,1.972967
272.4,1.973269
272.6,1.973318
272.79999999999995,1.972861
273.0,1.973428
273.20000000000005,1.9753359999999995
273.4,1.978664
273.6,1.9816899999999995
273.79999999999995,1.985689
274.0,1.9894229999999995
274.20000000000005,1.991804
274.4,1.990432
274.6,1.98973
274.79999999999995,1.987994
275.0,1.986434
275.20000000000005,1.985224
275.4,1.985027
275.6,1.984144
275.79999999999995,1.9816959999999997
276.0,1.980039
276.20000000000005,1.978915
276.4,1.979692
276.6,1.980465
276.79999999999995,1.982018
277.0,1.983274
277.20000000000005,1.983256
277.4,1.984565
277.6,1.986308
277.79999999999995,1.986409
278.0,1.9856
278.20000000000005,1.985469
278.4,1.9855339999999997
278.6,1.9831959999999995
278.79999999999995,1.982616
279.0,1.9813079999999996
279.20000000000005,1.981572
279.4,1.980472
279.6,1.98227
279.79999999999995,1.98468
280.0,1.988288
280.20000000000005,1.989336
280.4,1.990011
280.6,1.989032
280.79999999999995,1.987501
281.0,1.9854639999999997
281.20000000000005,1.98503
281.4,1.986391
281.6,1.98953
281.79999999999995,1.993269
282.0,1.995369
282.20000000000005,1.997431
282.4,1.998078
282.6,1.995494
282.79999999999995,1.991294
283.0,1.98914
283.20000000000005,1.9883239999999995
283.4,1.9892760000000005
283.6,1.992944
283.79999999999995,1.996767
284.0,2.000245
284.20000000000005,2.0021750000000003
284.4,2.0001100000000003
284.6,1.996651
284.79999999999995,1.993584
285.0,1.992807
285.20000000000005,1.99447
285.4,1.999255
285.6,2.002043
285.79999999999995,2.006035
286.0,2.006572
286.20000000000005,2.004532
286.4,2.0010630000000003
286.6,2.001901
286.79999999999995,2.0036
287.0,2.004803
287.20000000000005,2.0040309999999995
287.4,2.001876
287.6,1.9992209999999997
287.79999999999995,1.9954460000000005
288.0,1.993317
288.20000000000005,1.993336
288.4,1.9960560000000005
288.6,1.998927
288.79999999999995,2.00069
289.0,2.0012039999999995
289.20000000000005,2.000969
289.4,2.0021949999999995
289.6,2.002959
289.79999999999995,2.004293
290.0,2.0057080000000003
290.20000000000005,2.00755
290.4,2.007288
290.6,2.008065
290.79999999999995,2.009193
291.0,2.011723
291.20000000000005,2.012582
291.4,2.012109
291.6,2.0111539999999994
291.79999999999995,2.010774
292.0,2.008909
292.20000000000005,2.008412
292.4,2.007573
292.6,2.006105
292.79999999999995,2.004213
293.0,2.003261
293.20000000000005,2.004112
293.4,2.007279
293.6,2.009704
293.79999999999995,2.011521
294.0,2.0130479999999995
294.20000000000005,2.014416
294.4,2.015319
294.6,2.015389
294.79999999999995,2.014279
295.0,2.0132959999999995
295.20000000000005,2.011393
295.4,2.010829
295.6,2.0115099999999995
295.79999999999995,2.012492
296.0,2.013928
296.20000000000005,2.015294
296.4,2.015473
296.6,2.015162
296.79999999999995,2.015336
297.0,2.0154619999999994
297.20000000000005,2.016947
297.4,2.018839
297.6,2.019374
297.79999999999995,2.020128
298.0,2.0222989999999994
298.20000000000005,2.02332
298.4,2.022599
298.6,2.0256859999999994
298.79999999999995,2.029559
299.0,2.020333
299.19999999999993,2.010749000000001
299.4,2.00319
299.5999999999999,1.998861
299.79999999999995,1.994813
300.0,1.991778
300.19999999999993,1.98564
300.4,1.975239
300.5999999999999,1.963604
300.79999999999995,1.9554740000000008
301.0,1.9465770000000004
301.19999999999993,1.94116
301.4,1.9382220000000008
301.5999999999999,1.9364480000000004
301.79999999999995,1.933515
302.0,1.9320500000000005
302.19999999999993,1.929794
302.4,1.9256330000000004
302.5999999999999,1.918761
302.79999999999995,1.9140820000000005
303.0,1.9109750000000003
303.19999999999993,1.9061130000000004
303.4,1.903696
303.5999999999999,1.903799
303.79999999999995,1.9031020000000003
304.0,1.8970960000000003
304.19999999999993,1.8929740000000008
304.4,1.8857670000000004
304.5999999999999,1.879975
304.79999999999995,1.874506
305.0,1.8727800000000008
305.19999999999993,1.866739
305.4,1.86446
305.5999999999999,1.860577
305.79999999999995,1.857239
306.0,1.853356
306.19999999999993,1.852945
306.4,1.851148
306.5999999999999,1.848295
306.79999999999995,1.845103
307.0,1.8412810000000004
307.19999999999993,1.837454
307.4,1.833229
307.5999999999999,1.830754
307.79999999999995,1.8264760000000004
308.0,1.8236990000000004
308.19999999999993,1.8220290000000008
308.4,1.822483
308.5999999999999,1.8236550000000005
308.79999999999995,1.823443
309.0,1.822102
309.19999999999993,1.8195240000000004
309.4,1.815473
309.5999999999999,1.808701
309.79999999999995,1.802968
310.0,1.7983700000000002
310.19999999999993,1.7946840000000002
310.4,1.7925330000000006
310.5999999999999,1.7931930000000005
310.79999999999995,1.7935240000000006
311.0,1.7926000000000002
311.19999999999993,1.789891
311.4,1.787508
311.5999999999999,1.7847470000000003
311.79999999999995,1.7826620000000002
312.0,1.7799890000000005
312.19999999999993,1.777107
312.4,1.7753240000000003
312.5999999999999,1.7723649999999995
312.79999999999995,1.7694730000000003
313.0,1.768293
313.19999999999993,1.7684800000000005
313.4,1.766782
313.5999999999999,1.76415
313.79999999999995,1.76215
314.0,1.7599100000000003
314.19999999999993,1.75805
314.4,1.7555440000000004
314.5999999999999,1.7554569999999998
314.79999999999995,1.7552279999999998
315.0,1.754333
315.19999999999993,1.7521139999999995
315.4,1.749059
315.5999999999999,1.7459569999999998
315.79999999999995,1.7437640000000003
316.0,1.7418500000000003
316.19999999999993,1.7403649999999995
316.4,1.7397169999999995
316.5999999999999,1.7389010000000005
316.79999999999995,1.736377
317.0,1.7323849999999998
317.19999999999993,1.731197
317.4,1.7300440000000004
317.5999999999999,1.7286600000000003
317.79999999999995,1.7268870000000005
318.0,1.725898
318.19999999999993,1.7226980000000005
318.4,1.7202039999999998
318.5999999999999,1.7161540000000004
318.79999999999995,1.714576
319.0,1.7135600000000002
319.19999999999993,1.7125780000000006
319.4,1.710732
319.5999999999999,1.7099720000000005
319.79999999999995,1.7075380000000004
320.0,1.7055379999999998
320.19999999999993,1.7030400000000006
320.4,1.7025570000000003
320.5999999999999,1.7023840000000003
320.79999999999995,1.7021120000000003
321.0,1.702471
321.19999999999993,1.7029060000000005
321.4,1.7022529999999998
321.5999999999999,1.7020990000000005
321.79999999999995,1.7032189999999998
322.0,1.7012790000000004
322.19999999999993,1.698975
322.4,1.6989770000000002
322.5999999999999,1.6979040000000003
322.79999999999995,1.6962010000000003
323.0,1.696206
323.19999999999993,1.6980330000000006
323.4,1.697215
323.5999999999999,1.693976
323.79999999999995,1.69008
324.0,1.6882159999999995
324.19999999999993,1.6855729999999998
324.4,1.681546
324.5999999999999,1.6795270000000002
324.79999999999995,1.6767950000000005
325.0,1.6734150000000003
325.19999999999993,1.6690649999999998
325.4,1.6666629999999998
325.5999999999999,1.6653590000000005
325.79999999999995,1.6667190000000005
326.0,1.666257
326.19999999999993,1.6686300000000005
326.4,1.6698750000000002
326.5999999999999,1.671468
326.79999999999995,1.672319
327.0,1.6741229999999998
327.19999999999993,1.6745220000000005
327.4,1.6740969999999995
327.5999999999999,1.6734049999999998
327.79999999999995,1.671437
328.0,1.6691970000000005
328.19999999999993,1.665496
328.4,1.661531
328.5999999999999,1.6556060000000006
328.79999999999995,1.6514759999999995
329.0,1.6492640000000005
329.19999999999993,1.648936
329.4,1.649254
329.5999999999999,1.6488269999999998
329.79999999999995,1.6477830000000004
330.0,1.6452740000000006
330.19999999999993,1.641534
330.4,1.6384860000000003
330.5999999999999,1.6363820000000002
330.79999999999995,1.634405
331.0,1.6334559999999998
331.19999999999993,1.6325729999999998
331.4,1.631062
331.5999999999999,1.6307800000000006
331.79999999999995,1.6319300000000003
332.0,1.6328750000000003
332.19999999999993,1.6350810000000005
332.4,1.636686
332.5999999999999,1.637366
332.79999999999995,1.6368460000000002
333.0,1.6351570000000004
333.19999999999993,1.63152
333.4,1.629982
333.5999999999999,1.6298849999999998
333.79999999999995,1.6289030000000002
334.0,1.6284080000000003
334.19999999999993,1.6277080000000002
334.4,1.6254980000000003
334.5999999999999,1.62319
334.79999999999995,1.6214620000000002
335.0,1.6189470000000004
335.19999999999993,1.6150599999999995
335.4,1.612737
335.5999999999999,1.6120830000000002
335.79999999999995,1.6117610000000004
336.0,1.6125290000000003
336.19999999999993,1.6151040000000003
336.4,1.616861
336.5999999999999,1.6154530000000005
336.79999999999995,1.6133670000000002
337.0,1.6117220000000003
337.19999999999993,1.6120400000000004
337.4,1.6122329999999998
337.5999999999999,1.6117740000000005
337.79999999999995,1.6111330000000006
338.0,1.6099829999999995
338.19999999999993,1.6081580000000004
338.4,1.605919
338.5999999999999,1.6053860000000002
338.79999999999995,1.6050719999999998
339.0,1.6046750000000003
339.19999999999993,1.6048550000000006
339.4,1.603498
339.5999999999999,1.6009479999999998
339.79999999999995,1.5972860000000004
340.0,1.594906
340.19999999999993,1.590809
340.4,1.5898190000000003
340.5999999999999,1.5896280000000005
340.79999999999995,1.5891770000000005
341.0,1.587974
341.19999999999993,1.587212
341.4,1.5857650000000003
341.5999999999999,1.584275
341.79999999999995,1.5854210000000002
342.0,1.5865600000000004
342.19999999999993,1.5872989999999998
342.4,1.585178
342.5999999999999,1.5848830000000005
342.79999999999995,1.583786
343.0,1.5824220000000002
343.19999999999993,1.5816050000000006
343.4,1.5830980000000006
343.5999999999999,1.581519
343.79999999999995,1.5785910000000003
344.0,1.5751270000000002
344.19999999999993,1.5733550000000005
344.4,1.5734849999999998
344.5999999999999,1.5751270000000002
344.79999999999995,1.5759879999999995
345.0,1.575303
345.19999999999993,1.5748759999999995
345.4,1.5723140000000004
345.5999999999999,1.5700770000000004
345.79999999999995,1.5687420000000003
346.0,1.57029
346.19999999999993,1.5710380000000006
346.4,1.5729240000000004
346.5999999999999,1.573581
346.79999999999995,1.5742260000000003
347.0,1.5735030000000003
347.19999999999993,1.5730760000000004
347.4,1.572501
347.5999999999999,1.571821
347.79999999999995,1.5707440000000004
348.0,1.5697910000000004
348.19999999999993,1.5680620000000005
348.4,1.565354
348.5999999999999,1.5629749999999998
348.79999999999995,1.5620570000000005
349.0,1.562907
349.19999999999993,1.5622690000000006
349.4,1.5633420000000005
349.5999999999999,1.5630670000000002
349.79999999999995,1.5619320000000003
350.0,1.5576600000000005
350.19999999999993,1.5563979999999995
350.4,1.5526369999999998
350.5999999999999,1.5516449999999995
350.79999999999995,1.5526930000000003
351.0,1.5550360000000003
351.19999999999993,1.5537039999999998
351.4,1.554048
351.5999999999999,1.5543519999999995
351.79999999999995,1.5536890000000003
352.0,1.5519150000000002
352.19999999999993,1.5507
352.4,1.5486339999999998
352.5999999999999,1.546246
352.79999999999995,1.5432560000000004
353.0,1.541881
353.19999999999993,1.5408879999999998
353.4,1.5388159999999995
353.5999999999999,1.5366840000000002
353.79999999999995,1.5363410000000002
354.0,1.5377299999999998
354.19999999999993,1.539605
354.4,1.541646
354.5999999999999,1.5419869999999998
354.79999999999995,1.5401860000000005
355.0,1.5372320000000004
355.19999999999993,1.534307
355.4,1.5319710000000004
355.5999999999999,1.531332
355.79999999999995,1.5295800000000002
356.0,1.5275470000000002
356.19999999999993,1.526242
356.4,1.5259600000000004
356.5999999999999,1.5254250000000005
356.79999999999995,1.5278920000000005
357.0,1.5287509999999995
357.19999999999993,1.5305290000000005
357.4,1.5317499999999995
357.5999999999999,1.5335710000000002
357.79999999999995,1.5333519999999998
358.0,1.5331850000000005
358.19999999999993,1.5315849999999998
358.4,1.5289980000000003
358.5999999999999,1.5246320000000004
358.79999999999995,1.5214470000000002
359.0,1.5201780000000005
359.19999999999993,1.5175679999999998
359.4,1.5173060000000005
359.5999999999999,1.5192480000000002
359.79999999999995,1.5199370000000003
360.0,1.5189640000000004
360.19999999999993,1.5184540000000002
360.4,1.519189
360.5999999999999,1.519082
360.8,1.521637
361.0,1.5226170000000003
361.19999999999993,1.522316
361.4,1.5197520000000004
361.5999999999999,1.518199
361.8,1.5159349999999998
362.0,1.514792
362.19999999999993,1.5147630000000003
362.4,1.5152
362.5999999999999,1.5144799999999998
362.8,1.5109529999999998
363.0,1.5086719999999998
363.19999999999993,1.507733
363.4,1.5061230000000003
363.5999999999999,1.505553
363.8,1.504671
364.0,1.5046429999999995
364.19999999999993,1.5041020000000005
364.4,1.505553
364.5999999999999,1.5054370000000006
364.8,1.506849
365.0,1.5061299999999995
365.19999999999993,1.506412
365.4,1.5059589999999998
365.5999999999999,1.5052520000000005
365.8,1.5045220000000006
366.0,1.5051990000000002
366.19999999999993,1.50619
366.4,1.5053150000000004
366.5999999999999,1.5043410000000002
366.8,1.503132
367.0,1.5023619999999998
367.19999999999993,1.500738
367.4,1.4994700000000003
367.5999999999999,1.4980320000000005
367.8,1.4970240000000006
368.0,1.4956120000000004
368.19999999999993,1.494625
368.4,1.495044
368.5999999999999,1.4960870000000002
368.8,1.4952100000000002
369.0,1.494568
369.19999999999993,1.4928290000000004
369.4,1.491371
369.5999999999999,1.490234
369.8,1.4904229999999998
370.0,1.4896349999999998
370.19999999999993,1.489084
370.4,1.4888830000000004
370.5999999999999,1.487864
370.8,1.4875220000000002
371.0,1.4857500000000003
371.19999999999993,1.485696
371.4,1.4847660000000005
371.5999999999999,1.4851260000000002
371.8,1.4852040000000004
372.0,1.4845670000000002
372.19999999999993,1.4821270000000002
372.4,1.480136
372.5999999999999,1.4790730000000003
372.8,1.4778029999999998
373.0,1.479539
373.19999999999993,1.4817600000000004
373.4,1.4825660000000005
373.5999999999999,1.480995
373.8,1.479653
374.0,1.476979
374.19999999999993,1.475174
374.4,1.4749800000000004
374.5999999999999,1.4768600000000005
374.8,1.4794030000000005
375.0,1.4806540000000004
375.19999999999993,1.4783540000000004
375.4,1.4740530000000005
375.5999999999999,1.4702320000000002
375.8,1.467315
376.0,1.4690510000000003
376.19999999999993,1.4720589999999998
376.4,1.4757670000000005
376.5999999999999,1.47738
376.8,1.478098
377.0,1.4745040000000005
377.19999999999993,1.4727190000000006
377.4,1.4710419999999995
377.5999999999999,1.4710160000000003
377.8,1.4689430000000003
378.0,1.469086
378.19999999999993,1.469645
378.4,1.469124
378.5999999999999,1.4653800000000006
378.8,1.463102
379.0,1.4619239999999998
379.19999999999993,1.4611850000000004
379.4,1.4610219999999998
379.5999999999999,1.4618950000000002
379.8,1.4614080000000005
380.0,1.4615160000000005
380.19999999999993,1.4617430000000002
380.4,1.461023
380.5999999999999,1.461245
380.8,1.462917
381.0,1.4625710000000005
381.19999999999993,1.460705
381.4,1.4605389999999998
381.5999999999999,1.4608730000000003
381.8,1.4596990000000003
382.0,1.456544
382.19999999999993,1.4533830000000003
382.4,1.449828
382.5999999999999,1.4489330000000002
382.8,1.4509940000000006
383.0,1.4552079999999998
383.19999999999993,1.4590890000000003
383.4,1.4635920000000002
383.5999999999999,1.4645350000000006
383.8,1.460527
384.0,1.456932
384.19999999999993,1.4538760000000002
384.4,1.4505280000000005
384.5999999999999,1.447254
384.8,1.4487100000000002
385.0,1.4503620000000002
385.19999999999993,1.4506700000000006
385.4,1.448843
385.5999999999999,1.448213
385.8,1.4477530000000003
386.0,1.4475600000000002
386.19999999999993,1.447928
386.4,1.4496020000000005
386.5999999999999,1.448157
386.8,1.4462980000000003
387.0,1.4439080000000004
387.19999999999993,1.4427469999999998
387.4,1.4412599999999998
387.5999999999999,1.441395
387.8,1.4402670000000004
388.0,1.4396630000000004
388.19999999999993,1.4375939999999998
388.4,1.4360160000000004
388.5999999999999,1.4351029999999998
388.8,1.4344900000000005
389.0,1.4344609999999998
389.19999999999993,1.435714
389.4,1.4371850000000004
389.5999999999999,1.438897
389.8,1.4394470000000004
390.0,1.438961
390.19999999999993,1.439336
390.4,1.4405869999999998
390.5999999999999,1.4402660000000005
390.8,1.440893
391.0,1.440886
391.19999999999993,1.4374720000000003
391.4,1.4332770000000004
391.5999999999999,1.4313210000000005
391.8,1.431806
392.0,1.433154
392.19999999999993,1.4363720000000004
392.4,1.4382910000000004
392.5999999999999,1.4398879999999998
392.8,1.4389760000000005
393.0,1.4363790000000003
393.19999999999993,1.432506
393.4,1.43004
393.5999999999999,1.4270740000000002
393.8,1.4264390000000002
394.0,1.426768
394.19999999999993,1.4282770000000005
394.4,1.4292240000000005
394.5999999999999,1.4306260000000002
394.8,1.4295030000000004
395.0,1.428597
395.19999999999993,1.426564
395.4,1.4261920000000003
395.5999999999999,1.4245140000000005
395.8,1.4232200000000006
396.0,1.4221320000000004
396.19999999999993,1.423025
396.4,1.4213370000000003
396.5999999999999,1.4198820000000003
396.8,1.4198399999999998
397.0,1.418958
397.19999999999993,1.4180030000000006
397.4,1.417326
397.5999999999999,1.417701
397.8,1.4175500000000003
398.0,1.4181040000000005
398.19999999999993,1.4188980000000004
398.4,1.4210659999999995
398.5999999999999,1.4226920000000003
398.8,1.4226229999999995
399.0,1.421855
399.19999999999993,1.420992
399.4,1.4195989999999998
399.5999999999999,1.419937
399.8,1.4210580000000004
400.0,1.4224890000000006
400.19999999999993,1.4225630000000002
400.4,1.4210960000000004
400.5999999999999,1.4177600000000004
400.8,1.4147759999999998
401.0,1.4118779999999995
401.19999999999993,1.4089590000000003
401.4,1.4080380000000003
401.5999999999999,1.409726
401.8,1.412255
402.0,1.4155670000000002
402.19999999999993,1.41871
402.4,1.4206440000000002
402.5999999999999,1.4206469999999998
402.8,1.419239
403.0,1.4165070000000002
403.19999999999993,1.412751
403.4,1.4098110000000004
403.5999999999999,1.40665
403.8,1.4052940000000005
404.0,1.4041560000000004
404.19999999999993,1.403962
404.4,1.4042310000000002
404.5999999999999,1.4046700000000003
404.8,1.4037860000000002
405.0,1.4025470000000002
405.19999999999993,1.4028080000000005
405.4,1.4036300000000006
405.5999999999999,1.4040620000000006
405.8,1.4040559999999995
406.0,1.4030750000000003
406.19999999999993,1.401694
406.4,1.4003069999999995
406.5999999999999,1.4000900000000005
406.8,1.4001150000000004
407.0,1.3995430000000004
407.19999999999993,1.3987860000000003
407.4,1.397392
407.5999999999999,1.395435
407.8,1.3932570000000002
408.0,1.3955210000000005
408.19999999999993,1.399686
408.4,1.4038330000000006
408.5999999999999,1.4069440000000002
408.8,1.408957
409.0,1.4082670000000004
409.19999999999993,1.4062039999999998
409.4,1.404527
409.5999999999999,1.4024480000000006
409.8,1.4009920000000005
410.0,1.400753
410.19999999999993,1.400519
410.4,1.4001669999999995
410.5999999999999,1.4002020000000002
410.8,1.4010120000000006
411.0,1.40069
411.19999999999993,1.399533
411.4,1.3980389999999998
411.5999999999999,1.396077
411.8,1.3945150000000002
412.0,1.3918360000000003
412.19999999999993,1.389596
412.4,1.387315
412.5999999999999,1.3874890000000004
412.8,1.3881610000000002
413.0,1.389703
413.19999999999993,1.39175
413.4,1.393674
413.5999999999999,1.3938180000000004
413.8,1.3923320000000006
414.0,1.3916390000000003
414.19999999999993,1.3898390000000005
414.4,1.3888439999999995
414.5999999999999,1.386419
414.8,1.3856229999999998
415.0,1.3846759999999998
415.19999999999993,1.3842759999999998
415.4,1.3836900000000003
415.5999999999999,1.3848089999999995
415.8,1.3848010000000004
416.0,1.385695
416.19999999999993,1.3858100000000002
416.4,1.3858069999999998
416.5999999999999,1.384754
416.8,1.3848400000000003
417.0,1.383585
417.19999999999993,1.382912
417.4,1.37986
417.5999999999999,1.3790700000000005
417.8,1.377586
418.0,1.3777720000000002
418.19999999999993,1.376989
418.4,1.3793110000000004
418.5999999999999,1.3818669999999995
418.8,1.3844900000000004
419.0,1.3843139999999998
419.19999999999993,1.383095
419.4,1.381088
419.5999999999999,1.3785430000000003
419.8,1.375274
420.0,1.3727
420.19999999999993,1.3723210000000003
420.4,1.3707510000000005
420.5999999999999,1.3707070000000003
420.8,1.3723670000000006
421.0,1.3732360000000003
421.19999999999993,1.372885
421.4,1.3732370000000005
421.5999999999999,1.3731840000000002
421.8,1.3725320000000003
422.0,1.3746420000000006
422.19999999999993,1.376588
422.4,1.3789350000000002
422.5999999999999,1.3796350000000004
422.8,1.3789889999999998
423.0,1.3763170000000002
423.19999999999993,1.3736430000000004
423.4,1.3719650000000003
423.5999999999999,1.3720860000000004
423.8,1.3730289999999998
424.0,1.3729260000000003
424.19999999999993,1.3737260000000004
424.4,1.3747470000000002
424.5999999999999,1.3717959999999998
424.8,1.3683500000000004
425.0,1.3671699999999998
425.19999999999993,1.3660550000000002
425.4,1.3627640000000003
425.5999999999999,1.361681
425.8,1.3622139999999998
426.0,1.3628790000000004
426.19999999999993,1.3631850000000003
426.4,1.3648690000000006
426.5999999999999,1.3677390000000005
426.8,1.3697920000000003
427.0,1.371213
427.19999999999993,1.37242
427.4,1.3715770000000005
427.5999999999999,1.3694490000000004
427.8,1.3665060000000002
428.0,1.3631530000000005
428.19999999999993,1.360424
428.4,1.3594119999999998
428.5999999999999,1.358885
428.8,1.3598179999999995
429.0,1.3617550000000005
429.19999999999993,1.3649690000000003
429.4,1.368183
429.5999999999999,1.3682800000000004
429.8,1.3661440000000002
430.0,1.363531
430.19999999999993,1.360481
430.4,1.356871
430.5999999999999,1.354977
430.8,1.354844
431.0,1.356089
431.19999999999993,1.356802
431.4,1.35715
431.5999999999999,1.355651
431.8,1.3542459999999998
432.0,1.3526730000000002
432.19999999999993,1.3520029999999998
432.4,1.3518210000000002
432.5999999999999,1.3542009999999998
432.8,1.3557060000000003
433.0,1.355854
433.19999999999993,1.355702
433.4,1.354177
433.5999999999999,1.352048
433.8,1.3515190000000006
434.0,1.352912
434.19999999999993,1.35325
434.4,1.354285
434.5999999999999,1.3558400000000006
434.8,1.3568360000000004
435.0,1.3564410000000002
435.19999999999993,1.355244
435.4,1.3539900000000005
435.5999999999999,1.3538389999999998
435.8,1.3510790000000004
436.0,1.349577
436.19999999999993,1.349018
436.4,1.350834
436.5999999999999,1.3505130000000003
436.8,1.3514360000000003
437.0,1.3497450000000004
437.19999999999993,1.347944
437.4,1.3448640000000005
437.5999999999999,1.3417000000000003
437.8,1.3408930000000003
438.0,1.3423350000000005
438.19999999999993,1.3438629999999998
438.4,1.3431820000000003
438.5999999999999,1.344913
438.8,1.3457119999999998
439.0,1.3451830000000005
439.19999999999993,1.3449740000000006
439.4,1.3468559999999998
439.5999999999999,1.3467289999999998
439.8,1.3469290000000005
440.0,1.3482510000000003
440.19999999999993,1.349544
440.4,1.3491179999999998
440.5999999999999,1.3480870000000005
440.8,1.3466260000000003
441.0,1.346679
441.19999999999993,1.3448960000000003
441.4,1.34321
441.5999999999999,1.341508
441.8,1.3405170000000002
442.0,1.3370550000000003
442.19999999999993,1.3358530000000002
442.4,1.3368280000000006
442.5999999999999,1.3388520000000002
442.8,1.3393870000000003
443.0,1.3402400000000003
443.19999999999993,1.340534
443.4,1.3397610000000002
443.5999999999999,1.3386500000000003
443.8,1.3375510000000004
444.0,1.337028
444.19999999999993,1.3367269999999998
444.4,1.3370420000000005
444.5999999999999,1.3374319999999995
444.8,1.3369879999999998
445.0,1.3345130000000005
445.19999999999993,1.3331340000000005
445.4,1.332878
445.5999999999999,1.3341279999999998
445.8,1.3370379999999995
446.0,1.3421960000000004
446.19999999999993,1.34617
446.4,1.3480629999999998
446.5999999999999,1.346304
446.8,1.342848
447.0,1.338336
447.19999999999993,1.3362150000000002
447.4,1.3347870000000004
447.5999999999999,1.3344459999999998
447.8,1.3327280000000004
448.0,1.3302820000000004
448.19999999999993,1.3259980000000002
448.4,1.3236879999999998
448.5999999999999,1.3238760000000005
448.8,1.32608
449.0,1.3287050000000002
449.19999999999993,1.331695
449.4,1.3318630000000002
449.5999999999999,1.3317829999999995
449.8,1.3326000000000002
450.0,1.3351160000000002
450.19999999999993,1.334397
450.4,1.334245
450.5999999999999,1.332879
450.8,1.3312300000000006
451.0,1.3279380000000005
451.19999999999993,1.327668
451.4,1.3280070000000004
451.5999999999999,1.3276570000000003
451.8,1.3265760000000002
452.0,1.3244360000000004
452.19999999999993,1.3226680000000002
452.4,1.3212229999999998
452.5999999999999,1.3217240000000006
452.8,1.322768
453.0,1.3247489999999995
453.19999999999993,1.326118
453.4,1.326669
453.5999999999999,1.3267360000000004
453.8,1.3269159999999998
454.0,1.325983
454.19999999999993,1.325145
454.4,1.3253070000000005
454.5999999999999,1.3260450000000006
454.8,1.3268719999999998
455.0,1.3296540000000006
455.19999999999993,1.3313240000000004
455.4,1.3302640000000006
455.5999999999999,1.3295940000000002
455.8,1.327959
456.0,1.325507
456.19999999999993,1.3224410000000004
456.4,1.3213860000000004
456.5999999999999,1.3210160000000002
456.8,1.3220330000000002
457.0,1.3226839999999995
457.19999999999993,1.3244040000000004
457.4,1.326181
457.5999999999999,1.3260000000000003
457.8,1.324396
458.0,1.3225189999999998
458.19999999999993,1.3215599999999998
458.4,1.319852
458.5999999999999,1.318485
458.8,1.319388
459.0,1.3222500000000004
459.19999999999993,1.323721
459.4,1.3239359999999998
459.5999999999999,1.3238529999999995
459.8,1.3227910000000005
460.0,1.3210259999999998
460.19999999999993,1.3215849999999998
460.4,1.3225569999999998
460.5999999999999,1.3217050000000006
460.8,1.3189390000000003
461.0,1.3173960000000005
461.19999999999993,1.313796
461.4,1.311165
461.5999999999999,1.3104519999999995
461.8,1.3110230000000005
462.0,1.310803
462.19999999999993,1.310054
462.4,1.3102020000000003
462.5999999999999,1.310524
462.8,1.3119240000000003
463.0,1.312213
463.19999999999993,1.3127839999999995
463.4,1.3131770000000005
463.5999999999999,1.3145820000000006
463.8,1.314642
464.0,1.314699
464.19999999999993,1.3169300000000002
464.4,1.3195120000000005
464.5999999999999,1.319172
464.8,1.3178210000000004
465.0,1.3151520000000003
465.19999999999993,1.311153
465.4,1.3079610000000006
465.5999999999999,1.3082570000000002
465.8,1.3089849999999998
466.0,1.3095300000000003
466.19999999999993,1.3112070000000005
466.4,1.314133
466.5999999999999,1.3141059999999998
466.8,1.312393
467.0,1.311877
467.19999999999993,1.309272
467.4,1.3052260000000002
467.5999999999999,1.3052910000000004
467.8,1.3077959999999995
468.0,1.3114150000000002
468.19999999999993,1.314545
468.4,1.317457
468.5999999999999,1.314763
468.8,1.3114559999999995
469.0,1.30689
469.19999999999993,1.3043079999999998
469.4,1.303102
469.5999999999999,1.3058890000000003
469.8,1.3091230000000005
470.0,1.3116909999999995
470.19999999999993,1.3139130000000003
470.4,1.3119190000000005
470.5999999999999,1.3078770000000004
470.8,1.304469
471.0,1.3031690000000005
471.19999999999993,1.3031110000000004
471.4,1.304087
471.5999999999999,1.3060999999999998
471.8,1.307252
472.0,1.3092800000000002
472.19999999999993,1.3072930000000005
472.4,1.3070430000000002
472.5999999999999,1.3051849999999998
472.8,1.3034610000000004
473.0,1.3003530000000003
473.19999999999993,1.299989
473.4,1.300446
473.5999999999999,1.3036210000000006
473.8,1.3064020000000005
474.0,1.307861
474.19999999999993,1.30668
474.4,1.3048190000000002
474.5999999999999,1.302079
474.8,1.300109
475.0,1.2984999999999998
475.19999999999993,1.2982589999999998
475.4,1.2984210000000005
475.5999999999999,1.298756
475.8,1.299505
476.0,1.300593
476.19999999999993,1.301418
476.4,1.301057
476.5999999999999,1.2991739999999998
476.8,1.29751
477.0,1.2954689999999998
477.19999999999993,1.294315
477.4,1.2934410000000005
477.5999999999999,1.2949419999999998
477.8,1.295896
478.0,1.2961200000000002
478.19999999999993,1.2970160000000002
478.4,1.2971390000000005
478.5999999999999,1.2965150000000003
478.8,1.294493
479.0,1.2939680000000005
479.19999999999993,1.2929650000000006
479.4,1.2937070000000004
479.5999999999999,1.2935309999999998
479.8,1.2939819999999995
480.0,1.2938010000000002
480.19999999999993,1.2972419999999998
480.4,1.299646
480.5999999999999,1.3000600000000002
480.8,1.2996759999999998
481.0,1.2994279999999998
481.19999999999993,1.2957730000000005
481.4,1.292491
481.5999999999999,1.2902180000000003
481.8,1.2898870000000002
482.0,1.2902690000000003
482.19999999999993,1.289937
482.4,1.289397
482.5999999999999,1.29066
482.8,1.2916879999999995
483.0,1.291767
483.19999999999993,1.2909860000000002
483.4,1.2890890000000006
483.5999999999999,1.2875800000000002
483.8,1.2864710000000006
484.0,1.2868960000000005
484.19999999999993,1.2891399999999995
484.4,1.2904520000000002
484.5999999999999,1.2915330000000005
484.8,1.2918140000000005
485.0,1.2912230000000005
485.19999999999993,1.2890300000000003
485.4,1.289116
485.5999999999999,1.28876
485.8,1.2896260000000002
486.0,1.2890579999999998
486.19999999999993,1.2903850000000006
486.4,1.2894639999999995
486.5999999999999,1.2894709999999998
486.8,1.2879450000000006
487.0,1.2879300000000002
487.19999999999993,1.288207
487.4,1.290058
487.5999999999999,1.2906190000000004
487.8,1.2908040000000005
488.0,1.2889470000000005
488.19999999999993,1.2847939999999998
488.4,1.2817230000000004
488.5999999999999,1.27963
488.8,1.2791690000000004
489.0,1.2799329999999998
489.19999999999993,1.281861
489.4,1.2831580000000002
489.5999999999999,1.2825569999999995
489.8,1.2808070000000005
490.0,1.2803000000000004
490.19999999999993,1.2809040000000005
490.4,1.2829300000000003
490.5999999999999,1.2848950000000006
490.8,1.2867870000000003
491.0,1.287261
491.19999999999993,1.2867540000000002
491.4,1.2852899999999998
491.5999999999999,1.2845950000000004
491.8,1.2843710000000002
492.0,1.284191
492.19999999999993,1.283468
492.4,1.2807190000000004
492.5999999999999,1.277985
492.8,1.2761560000000003
493.0,1.277018
493.19999999999993,1.2777539999999998
493.4,1.279979
493.5999999999999,1.2811469999999998
493.8,1.2816999999999998
494.0,1.2794730000000003
494.19999999999993,1.2779370000000003
494.4,1.275912
494.5999999999999,1.275684
494.8,1.2769940000000002
495.0,1.279241
495.19999999999993,1.2810449999999998
495.4,1.2806610000000005
495.5999999999999,1.2798790000000002
495.8,1.2778460000000005
496.0,1.2767800000000005
496.19999999999993,1.2756189999999998
496.4,1.2751920000000003
496.5999999999999,1.274261
496.8,1.2742710000000006
497.0,1.2736960000000002
497.19999999999993,1.2732660000000005
497.4,1.2754279999999998
497.5999999999999,1.277482
497.8,1.2771860000000004
498.0,1.276821
498.19999999999993,1.2785830000000002
498.4,1.277748
498.5999999999999,1.275683
498.8,1.2738740000000002
499.0,1.2733230000000004
499.19999999999993,1.2724140000000004
499.4,1.2736610000000006
499.5999999999999,1.2775280000000002
499.8,1.281288
500.0,1.2809350000000004
500.19999999999993,1.2777690000000002
500.4,1.2744109999999995
500.5999999999999,1.2698610000000006
500.8,1.2675070000000002
501.0,1.268078
501.19999999999993,1.270581
501.4,1.27203
501.5999999999999,1.2738440000000004
501.8,1.273562
502.0,1.273307
502.19999999999993,1.2726350000000002
502.4,1.2731570000000003
502.5999999999999,1.2720890000000002
502.8,1.2717679999999998
503.0,1.269857
503.19999999999993,1.268376
503.4,1.2678400000000003
503.5999999999999,1.2692190000000003
503.8,1.2708460000000006
504.0,1.2739469999999995
504.19999999999993,1.2762729999999998
504.4,1.2767400000000002
504.5999999999999,1.2769719999999998
504.8,1.2761450000000003
505.0,1.2754020000000006
505.19999999999993,1.2757070000000006
505.4,1.2748980000000003
505.5999999999999,1.2743980000000006
505.8,1.273472
506.0,1.2707160000000002
506.19999999999993,1.2667510000000002
506.4,1.265486
506.5999999999999,1.2660860000000005
506.8,1.2657160000000005
507.0,1.2674659999999998
507.19999999999993,1.269653
507.4,1.271648
507.5999999999999,1.2712770000000004
507.8,1.270479
508.0,1.2689909999999998
508.19999999999993,1.2674390000000004
508.4,1.264666
508.5999999999999,1.2615420000000004
508.8,1.2620260000000003
509.0,1.2627810000000004
509.19999999999993,1.263509
509.4,1.2628339999999998
509.5999999999999,1.2635709999999998
509.8,1.2644000000000002
510.00000000000006,1.2651849999999998
510.1999999999999,1.2665620000000004
510.3999999999999,1.268434
510.5999999999999,1.2685560000000002
510.79999999999984,1.2664410000000004
510.9999999999999,1.26356
511.1999999999997,1.2606460000000004
511.39999999999975,1.2595270000000005
511.5999999999998,1.2597300000000002
511.79999999999984,1.26046
511.9999999999999,1.2610900000000005
512.1999999999997,1.2604290000000002
512.3999999999997,1.2590750000000002
512.5999999999998,1.2589110000000003
512.7999999999998,1.2591770000000002
512.9999999999999,1.25995
513.1999999999997,1.262506
513.3999999999997,1.2660930000000006
513.5999999999998,1.2663200000000003
513.7999999999998,1.2660590000000005
513.9999999999999,1.266622
514.1999999999997,1.2663159999999998
514.3999999999997,1.2657740000000004
514.5999999999998,1.265732
514.7999999999998,1.2652150000000004
514.9999999999999,1.2641049999999998
515.1999999999997,1.262601
515.3999999999997,1.2605399999999998
515.5999999999998,1.258025
515.7999999999998,1.2574700000000003
515.9999999999999,1.2572540000000003
516.1999999999997,1.2566730000000002
516.3999999999997,1.2557670000000003
516.5999999999998,1.256062
516.7999999999998,1.25608
516.9999999999999,1.2552710000000005
517.1999999999997,1.2560099999999998
517.3999999999997,1.2569249999999998
517.5999999999998,1.257472
517.7999999999998,1.2574329999999998
517.9999999999999,1.2579510000000005
518.1999999999997,1.2576230000000006
518.3999999999997,1.2569110000000006
518.5999999999998,1.2568350000000006
518.7999999999998,1.2570180000000004
518.9999999999999,1.2563680000000002
519.1999999999997,1.2566160000000002
519.3999999999997,1.2561080000000002
519.5999999999998,1.2564419999999998
519.7999999999998,1.2555360000000002
519.9999999999999,1.2549650000000003
520.1999999999997,1.2524680000000004
520.3999999999997,1.251411
520.5999999999998,1.250185
520.7999999999998,1.2503170000000003
520.9999999999999,1.2517870000000002
521.1999999999997,1.2537120000000002
521.3999999999997,1.2534970000000003
521.5999999999998,1.2531360000000005
521.7999999999998,1.251748
521.9999999999999,1.2516920000000002
522.1999999999997,1.251526
522.3999999999997,1.253044
522.5999999999998,1.2545970000000004
522.7999999999998,1.2565030000000004
522.9999999999999,1.2562930000000003
523.1999999999997,1.2564099999999998
523.3999999999997,1.257092
523.5999999999998,1.2576600000000004
523.7999999999998,1.257937
523.9999999999999,1.2567969999999995
524.1999999999997,1.254454
524.3999999999997,1.2519550000000002
524.5999999999998,1.250414
524.7999999999998,1.2494300000000005
524.9999999999999,1.2496230000000002
525.1999999999997,1.2501160000000002
525.3999999999997,1.2513800000000002
525.5999999999998,1.2492240000000003
525.7999999999998,1.2463890000000002
525.9999999999999,1.244584
526.1999999999997,1.245978
526.3999999999997,1.2438700000000005
526.5999999999998,1.2453380000000005
526.7999999999998,1.2492460000000003
526.9999999999999,1.250801
527.1999999999997,1.2470600000000005
527.3999999999997,1.2460520000000002
527.5999999999998,1.2437550000000002
527.7999999999998,1.2399940000000005
527.9999999999999,1.2383730000000002
528.1999999999997,1.2390570000000003
528.3999999999997,1.2414400000000003
528.5999999999998,1.24357
528.7999999999998,1.246369
528.9999999999999,1.2489760000000003
529.1999999999997,1.252037
529.3999999999997,1.251442
529.5999999999998,1.251938
529.7999999999998,1.252227
529.9999999999999,1.251103
530.1999999999997,1.252554
530.3999999999997,1.2556450000000003
530.5999999999998,1.2569
530.7999999999998,1.2547190000000006
530.9999999999999,1.251062
531.1999999999997,1.2464650000000002
531.3999999999997,1.2436540000000005
531.5999999999998,1.2421830000000005
531.7999999999998,1.240269
531.9999999999999,1.2399810000000002
532.1999999999997,1.2404700000000002
532.3999999999997,1.2405280000000003
532.5999999999998,1.239852
532.7999999999998,1.2428320000000004
532.9999999999999,1.246067
533.1999999999997,1.2470190000000003
533.3999999999997,1.24561
533.5999999999998,1.2426890000000004
533.7999999999998,1.238843
533.9999999999999,1.23596
534.1999999999997,1.233984
534.3999999999997,1.232962
534.5999999999998,1.233848
534.7999999999998,1.2356830000000003
534.9999999999999,1.237092
535.1999999999997,1.2400060000000002
535.3999999999997,1.2419760000000002
535.5999999999998,1.243519
535.7999999999998,1.2428630000000005
535.9999999999999,1.244717
536.1999999999997,1.2441090000000004
536.3999999999997,1.243192
536.5999999999998,1.2413950000000002
536.7999999999998,1.2410620000000003
536.9999999999999,1.23936
537.1999999999997,1.239681
537.3999999999997,1.2409700000000004
537.5999999999998,1.242646
537.7999999999998,1.244958
537.9999999999999,1.2463350000000002
538.1999999999997,1.2455700000000005
538.3999999999997,1.2446610000000002
538.5999999999998,1.2448320000000002
538.7999999999998,1.2433880000000004
538.9999999999999,1.2426890000000004
539.1999999999997,1.2431750000000004
539.3999999999997,1.243925
539.5999999999998,1.24139
539.7999999999998,1.239207
539.9999999999999,1.2370200000000002
540.1999999999997,1.2347670000000002
540.3999999999997,1.2337730000000002
540.5999999999998,1.2371820000000002
540.7999999999998,1.239979
540.9999999999999,1.2416680000000002
541.1999999999997,1.2420090000000004
541.3999999999997,1.2420210000000005
541.5999999999998,1.2390890000000003
541.7999999999998,1.2371630000000002
541.9999999999999,1.235618
542.1999999999997,1.23524
542.3999999999997,1.233035
542.5999999999998,1.2317050000000005
542.7999999999998,1.231709
542.9999999999999,1.23109
543.1999999999997,1.231237
543.3999999999997,1.232869
543.5999999999998,1.2355680000000002
543.7999999999998,1.236933
543.9999999999999,1.240263
544.1999999999997,1.2403410000000004
544.3999999999997,1.2382460000000002
544.5999999999998,1.2353530000000004
544.7999999999998,1.2336660000000004
544.9999999999999,1.2332270000000003
545.1999999999997,1.2327090000000005
545.3999999999997,1.2329480000000004
545.5999999999998,1.233743
545.7999999999998,1.233251
545.9999999999999,1.2322420000000005
546.1999999999997,1.2332430000000003
546.3999999999997,1.235389
546.5999999999998,1.235322
546.7999999999998,1.235326
546.9999999999999,1.2324140000000003
547.1999999999997,1.2302240000000002
547.3999999999997,1.2280730000000002
547.5999999999998,1.2273680000000002
547.7999999999998,1.227332
547.9999999999999,1.2260620000000002
548.1999999999997,1.226766
548.3999999999997,1.2278730000000002
548.5999999999998,1.229003
548.7999999999998,1.2282190000000002
548.9999999999999,1.229047
549.1999999999997,1.2286430000000004
549.3999999999997,1.2282920000000002
549.5999999999998,1.229069
549.7999999999998,1.231185
549.9999999999999,1.232351
550.1999999999997,1.2315750000000003
550.3999999999997,1.2292210000000003
550.5999999999998,1.2273040000000002
550.7999999999998,1.225165
550.9999999999999,1.224574
551.1999999999997,1.2250070000000002
551.3999999999997,1.226051
551.5999999999998,1.225915
551.7999999999998,1.225514
551.9999999999999,1.224898
552.1999999999997,1.2247570000000003
552.3999999999997,1.225534
552.5999999999998,1.227433
552.7999999999998,1.231252
552.9999999999999,1.2337290000000003
553.1999999999997,1.2337160000000005
553.3999999999997,1.233016
553.5999999999998,1.2310030000000003
553.7999999999998,1.2277140000000002
553.9999999999999,1.2246480000000002
554.1999999999997,1.223211
554.3999999999997,1.2210300000000005
554.5999999999998,1.2195390000000002
554.7999999999998,1.2207860000000004
554.9999999999999,1.222969
555.1999999999997,1.225949
555.3999999999997,1.22921
555.5999999999998,1.2304910000000002
555.7999999999998,1.2289210000000002
555.9999999999999,1.2287630000000005
556.1999999999997,1.2281650000000002
556.3999999999997,1.2285000000000004
556.5999999999998,1.2293950000000002
556.7999999999998,1.2296330000000002
556.9999999999999,1.2283410000000003
557.1999999999997,1.2267650000000003
557.3999999999997,1.2259990000000005
557.5999999999998,1.226909
557.7999999999998,1.228355
557.9999999999999,1.2283090000000003
558.1999999999997,1.228711
558.3999999999997,1.2290560000000004
558.5999999999998,1.2265550000000005
558.7999999999998,1.2250210000000004
558.9999999999999,1.2232190000000005
559.1999999999997,1.222277
559.3999999999997,1.220867
559.5999999999998,1.2214040000000002
559.7999999999998,1.2199
559.9999999999999,1.2205760000000003
560.1999999999997,1.2207790000000005
560.3999999999997,1.2218
560.5999999999998,1.222554
560.7999999999998,1.2254810000000005
560.9999999999999,1.231055
561.1999999999997,1.233705
561.3999999999997,1.2324770000000005
561.5999999999998,1.231398
561.7999999999998,1.2311010000000002
561.9999999999999,1.2274160000000005
562.1999999999997,1.2247920000000003
562.3999999999997,1.2245890000000004
562.5999999999998,1.22717
562.7999999999998,1.2282520000000003
562.9999999999999,1.228847
563.1999999999997,1.2298980000000004
563.3999999999997,1.2300300000000002
563.5999999999998,1.2283310000000005
563.7999999999998,1.226928
563.9999999999999,1.2255670000000003
564.1999999999997,1.2249320000000004
564.3999999999997,1.2237090000000004
564.5999999999998,1.223366
564.7999999999998,1.2244640000000002
564.9999999999999,1.2276740000000004
565.1999999999997,1.2275460000000002
565.3999999999997,1.2281980000000003
565.5999999999998,1.226001
565.7999999999998,1.222878
565.9999999999999,1.2189610000000002
566.1999999999997,1.2178750000000005
566.3999999999997,1.2164360000000003
566.5999999999998,1.2170430000000003
566.7999999999998,1.2168260000000002
566.9999999999999,1.2166740000000005
567.1999999999997,1.2173510000000003
567.3999999999997,1.2184560000000002
567.5999999999998,1.2178470000000003
567.7999999999998,1.2161210000000002
567.9999999999999,1.2154000000000005
568.1999999999997,1.2155080000000005
568.3999999999997,1.214982
568.5999999999998,1.2162640000000002
568.7999999999998,1.2188480000000004
568.9999999999999,1.2210910000000004
569.1999999999997,1.2210960000000002
569.3999999999997,1.222411
569.5999999999998,1.223258
569.7999999999998,1.2243910000000002
569.9999999999999,1.2243
570.1999999999997,1.2237090000000004
570.3999999999997,1.2218910000000005
570.5999999999998,1.2196950000000002
570.7999999999998,1.2177220000000002
570.9999999999999,1.2166900000000005
571.1999999999999,1.21536
571.3999999999997,1.2137580000000003
571.5999999999998,1.211453
571.7999999999998,1.209514
571.9999999999999,1.206432
572.1999999999999,1.2062380000000004
572.3999999999997,1.2079
572.5999999999998,1.2113910000000003
572.7999999999998,1.214391
572.9999999999999,1.218223
573.1999999999999,1.2202580000000005
573.3999999999997,1.2211660000000002
573.5999999999998,1.221997
573.7999999999998,1.222169
573.9999999999999,1.2211290000000004
574.1999999999999,1.2189910000000004
574.3999999999997,1.2184660000000005
574.5999999999998,1.216796
574.7999999999998,1.2145860000000002
574.9999999999999,1.211948
575.1999999999999,1.2111180000000004
575.3999999999997,1.2089510000000003
575.5999999999998,1.2095290000000003
575.7999999999998,1.2101670000000002
575.9999999999999,1.211278
576.1999999999999,1.2103670000000002
576.3999999999997,1.209699
576.5999999999998,1.207856
576.7999999999998,1.2071080000000003
576.9999999999999,1.2068120000000002
577.1999999999999,1.2086940000000004
577.3999999999997,1.2121910000000002
577.5999999999998,1.2136150000000003
577.7999999999998,1.2125820000000005
577.9999999999999,1.2119060000000004
578.1999999999999,1.20878
578.3999999999997,1.2042800000000002
578.5999999999998,1.2027420000000002
578.7999999999998,1.2040700000000002
578.9999999999999,1.206852
579.1999999999999,1.2105520000000003
579.3999999999997,1.2138620000000002
579.5999999999998,1.21401
579.7999999999998,1.213149
579.9999999999999,1.2115110000000002
580.1999999999999,1.2113270000000005
580.3999999999997,1.211376
580.5999999999998,1.2116540000000002
580.7999999999998,1.211593
580.9999999999999,1.2095250000000002
581.1999999999999,1.2068980000000002
581.3999999999997,1.204386
581.5999999999998,1.202465
581.7999999999998,1.2016980000000004
581.9999999999999,1.20263
582.1999999999999,1.20466
582.3999999999997,1.207933
582.5999999999998,1.212018
582.7999999999998,1.215056
582.9999999999999,1.21693
583.1999999999999,1.217053
583.3999999999997,1.215923
583.5999999999998,1.2145330000000003
583.7999999999998,1.2127690000000002
583.9999999999999,1.2110730000000005
584.1999999999999,1.211106
584.3999999999997,1.2104340000000002
584.5999999999998,1.209171
584.7999999999998,1.209658
584.9999999999999,1.2097550000000004
585.1999999999999,1.209486
585.3999999999997,1.2091880000000002
585.5999999999998,1.2089310000000002
585.7999999999998,1.207258
585.9999999999999,1.2061140000000004
586.1999999999999,1.2052580000000002
586.3999999999997,1.20487
586.5999999999998,1.2052770000000002
586.7999999999998,1.206388
586.9999999999999,1.2095350000000002
587.1999999999999,1.2124770000000002
587.3999999999997,1.215097
587.5999999999998,1.2154000000000005
587.7999999999998,1.2134170000000002
587.9999999999999,1.2100600000000004
588.1999999999999,1.206789
588.3999999999997,1.204638
588.5999999999998,1.206074
588.7999999999998,1.208777
588.9999999999999,1.211433
589.1999999999999,1.2135580000000004
589.3999999999997,1.2139950000000002
589.5999999999998,1.2131610000000004
589.7999999999998,1.2121410000000004
589.9999999999999,1.211379
590.1999999999999,1.2098870000000002
590.3999999999997,1.2093250000000002
590.5999999999998,1.20724
590.7999999999998,1.205749
590.9999999999999,1.20431
591.1999999999999,1.205003
591.3999999999997,1.2070030000000005
591.5999999999998,1.2079980000000003
591.7999999999998,1.2089370000000002
591.9999999999999,1.209136
592.1999999999999,1.2085540000000004
592.3999999999997,1.205626
592.5999999999998,1.204396
592.7999999999998,1.2035280000000004
592.9999999999999,1.2017600000000002
593.1999999999999,1.1994760000000002
593.3999999999997,1.1998070000000003
593.5999999999998,1.200311
593.7999999999998,1.199446
593.9999999999999,1.202016
594.1999999999999,1.206804
594.3999999999997,1.2103300000000004
594.5999999999998,1.2090040000000002
594.7999999999998,1.2093670000000003
594.9999999999999,1.2059700000000002
595.1999999999999,1.2021320000000002
595.3999999999997,1.1975360000000004
595.5999999999998,1.198398
595.7999999999998,1.198588
595.9999999999999,1.201229
596.1999999999999,1.201257
596.3999999999997,1.201439
596.5999999999998,1.2026340000000002
